0  300  100000 0.01  0
1  300  100000 0.01  0
2  300  100000 0.01  10
3  300  100000 0.01  20
4  300  100000 0.01  30
5  300  100000 0.01  40
6  300  100000 0.01  50
7  300  100000 0.01  60
8  300  100000 0.01  100 
9  300  100000 0.01  100
10  300  100000 0.01  110
11  300  100000 0.01  110
12  300  100000 0.01  120
13  300  100000 0.01  120
14  300  100000 0.01  120
15  300  100000 0.01  130
16  300  100000 0.01  130
17  300  100000 0.01  130
18  300  100000 0.01  130
19  300  100000 0.01  130
20  300  100000 0.01  130 
