38760 0
3000 1800
-116.726988 33.079255
-116.8611063337046 33.07634459193316
-116.8642715564581 33.05554721796106
-116.859206708352 33.05102806412682
-116.8507969743631 33.05201036937272
-116.8395153850712 33.05138789551504
-116.8264653727537 33.04721139203597
-116.8172263828155 33.04492979592212
-116.8088975920726 33.04303746089136
-116.7998727839054 33.04082424287733
-116.787561656339 33.04041329169086
-116.7768755885579 33.04008677952348
-116.7438868112681 33.03645090166562
-116.7363770074809 33.02957872109831
-116.729119624585 33.02945182747586
-116.7246489588431 33.0479596885934
-116.7236554309555 33.05163001696734
-116.7230184655612 33.06147009949283
-116.7225645945227 33.06708037593044
-116.7225489763852 33.06946508822533
-116.7251623869246 33.07471994281391
-116.7269116696664 33.07864740170731
-116.7301337062168 33.08349261465843
-116.7348518729913 33.08776230629222
-116.7458882622557 33.09760239659123
-116.7607088994375 33.09781883223695
-116.7811345288488 33.09959321150171
-116.785752142627 33.10468055843798
-116.7899051228431 33.11043699139429
-116.7938233776115 33.11557470928086
-116.7954616853287 33.12233986356049
-116.8055941484126 33.12002645082487
-116.8085932088892 33.11846779837052
-116.8147003910353 33.11488268982421
-116.8198617569912 33.11085712648572
-116.8252361823395 33.10635298894091
-116.8303263156502 33.0975733655377
-116.8357919380311 33.08839002065975
-116.8397073903667 33.08122373039738
-116.852829877805 33.0769134333552
-116.8611063337046 33.07634459193316
